%YAML:1.0
road_histogram_hue_normalized: !!opencv-matrix
   rows: 361
   cols: 1
   dt: f
   data: [ 1.40648950e-02, 2.22941022e-03, 8.91721994e-03,
       1.65929943e-02, 2.13093255e-02, 3.09039205e-02, 4.44892943e-02,
       4.89190966e-02, 1.03248626e-01, 1.17889158e-01, 1.23316541e-01,
       1.16281196e-01, 9.53584164e-02, 8.00441951e-02, 6.36138096e-02,
       3.37365866e-02, 2.34401822e-02, 1.32326428e-02, 1.04015619e-02,
       5.80551568e-03, 3.59354122e-03, 2.43257498e-03, 8.76764883e-04,
       1.51317101e-03, 5.79274842e-04, 4.82561387e-04, 3.50319315e-04,
       1.70439016e-04, 5.52494021e-05, 1.07758706e-06, 4.21488076e-04,
       5.51969232e-15, 1.27009289e-05, 1.33001686e-05, 2.36832966e-05,
       1.66489208e-05, 1.14704690e-05, 1.48730032e-06, 1.47375777e-05,
       5.21491302e-06, 2.74243939e-05, 1.64724872e-06, 7.06982064e-06,
       4.23457914e-06, 3.59195411e-07, 3.84129016e-05, 7.18390879e-07,
       2.00153272e-06, 7.69021244e-06, 7.24025938e-07, 2.16300778e-05,
       3.64829788e-07, 8.36316988e-17, 5.97724011e-06, 3.60247952e-07,
       5.50040113e-07, 1.40311784e-09, 2.67621436e-15, 0., 0.,
       6.80635276e-05, 0., 0., 6.69053590e-16, 1.86080535e-14,
       3.59195667e-07, 3.23276981e-06, 2.19235480e-11, 4.68659709e-06,
       2.87356329e-06, 8.53562869e-06, 3.59217410e-07, 1.79598806e-06,
       2.04604942e-13, 8.56388596e-14, 2.33218343e-05, 5.43606052e-15,
       1.97557483e-06, 1.85780300e-06, 2.87356352e-06, 1.87090300e-05,
       1.02377708e-05, 5.35242872e-15, 1.93967298e-05, 3.89607931e-06,
       5.79281550e-06, 1.43678335e-06, 3.59195411e-07, 1.07048574e-14,
       0., 7.10579116e-05, 0., 1.79597748e-07, 4.13215048e-06,
       7.18539923e-06, 5.92672404e-06, 3.41235659e-06, 7.18391505e-07,
       5.74993328e-06, 5.41039208e-06, 2.21036717e-05, 5.97162352e-06,
       3.43620968e-06, 1.15181065e-05, 1.79597706e-07, 2.39548208e-05,
       0., 0., 3.59283104e-06, 7.18741603e-07, 4.23396341e-06,
       1.01023730e-07, 0., 6.46551780e-06, 0., 7.29615749e-07,
       8.56388596e-14, 0., 8.56388596e-14, 0., 3.48654576e-05, 0., 0.,
       8.56388596e-14, 1.07383103e-13, 0., 0., 8.56388596e-14,
       6.10632196e-06, 7.18390822e-07, 1.07793699e-06, 0.,
       3.59195411e-07, 0., 0., 2.95944228e-05, 0., 2.67621436e-15,
       1.57148020e-06, 2.87356329e-06, 1.86795642e-05, 1.33810718e-15,
       0., 4.68076541e-06, 3.95114967e-06, 6.33081936e-06,
       1.12248566e-08, 3.70420281e-07, 0., 0., 1.76366782e-04, 0., 0.,
       2.16639728e-06, 1.61637945e-06, 2.06541745e-06, 1.01747185e-06,
       1.44239402e-06, 3.56697856e-05, 9.54112920e-07, 1.06646476e-04,
       1.32958867e-05, 3.87217660e-05, 1.25621045e-05, 1.97838190e-07,
       1.34395726e-03, 6.72228634e-06, 2.32095350e-04, 2.63157010e-04,
       2.84266600e-04, 8.35496758e-04, 3.86338972e-04, 1.43576544e-04,
       1.28643424e-03, 9.60111909e-04, 1.44602638e-03, 1.91046391e-03,
       1.84241193e-03, 2.81694788e-03, 8.82097171e-04, 0., 0., 0., 0.,
       0., 0., 0., 0., 0., 0., 0., 0., 0., 0., 0., 0., 0., 0., 0., 0.,
       0., 0., 0., 0., 0., 0., 0., 0., 0., 0., 0., 0., 0., 0., 0., 0.,
       0., 0., 0., 0., 0., 0., 0., 0., 0., 0., 0., 0., 0., 0., 0., 0.,
       0., 0., 0., 0., 0., 0., 0., 0., 0., 0., 0., 0., 0., 0., 0., 0.,
       0., 0., 0., 0., 0., 0., 0., 0., 0., 0., 0., 0., 0., 0., 0., 0.,
       0., 0., 0., 0., 0., 0., 0., 0., 0., 0., 0., 0., 0., 0., 0., 0.,
       0., 0., 0., 0., 0., 0., 0., 0., 0., 0., 0., 0., 0., 0., 0., 0.,
       0., 0., 0., 0., 0., 0., 0., 0., 0., 0., 0., 0., 0., 0., 0., 0.,
       0., 0., 0., 0., 0., 0., 0., 0., 0., 0., 0., 0., 0., 0., 0., 0.,
       0., 0., 0., 0., 0., 0., 0., 0., 0., 0., 0., 0., 0., 0., 0., 0.,
       0., 0., 0., 0., 0., 0., 0., 0., 0., 0., 0., 0., 0., 0., 0., 0.,
       0. ]
